56,0
55,3
55,2
55,1
55,0
53,3
53,2
53,1
53,0
51,3
51,2
51,1
51,0
47,3
47,2
47,1
47,0
36,3
36,2
36,1
36,0
35,3
35,2
35,1
35,0
34,3
34,2
34,1
34,0
25,3
25,2
25,1
25,0
20,3
20,2
20,1
20,0
19,3
19,2
19,1
19,0
16,3
16,2
16,1
16,0
15,3
15,2
15,1
15,0
14,3
14,2
14,1
14,0
13,3
13,2
13,1
13,0
10,3
10,2
10,1
10,0
8,3
8,2
8,1
8,0
6,11
6,10
6,9
6,8
6,7
6,6
6,5
6,4
6,3
6,2
6,1
6,0
5,3
5,2
5,1
5,0
4,3
2,14
2,12
2,11
2,10
2,9
2,8
2,6
2,5
2,4
2,3
2,2
2,1
2,0
1,3
0,441
0,422
0,414
0,410
0,404
0,403
0,345
0,322
0,243
0,9
0,0
0,1
0,310
0,305
0,478
0,308
0,304
0,303
0,302
0,307
0,12
0,379
0,10
0,8
0,447
0,300
0,488
0,299
0,432
0,298
0,341
0,297
0,424
0,296
0,455
0,295
0,418
0,294
0,358
0,293
0,450
0,292
0,413
0,291
0,421
0,290
0,449
0,289
0,417
0,288
0,456
0,287
0,454
0,286
0,446
0,285
0,467
0,284
0,405
0,283
0,338
0,282
0,429
0,281
0,344
0,280
0,411
0,279
0,445
0,278
0,494
0,277
0,487
0,276
0,334
0,275
0,318
56,1
56,2
60,0
60,1
60,3
65,0
65,2
65,4
70,0
70,2
70,3
73,0
73,2
73,3
77,0
77,1
77,3
77,4
80,0
80,2
80,3
80,6
83,0
83,2
83,4
85,0
85,2
85,3
85,5
89,0
89,2
89,4
89,5
91,1
91,2
91,4
95,0
95,1
95,3
95,4
98,1
98,2
145,3
98,3
98,4
99,0
99,1
99,3
99,5
102,0
102,2
102,3
102,5
108,1
108,2
108,4
108,5
110,1
110,2
110,4
111,1
111,2
111,4
111,5
116,1
116,3
116,4
117,0
117,1
117,3
117,4
121,0
121,2
121,3
121,5
123,0
123,2
123,4
123,5
126,1
126,2
126,4
127,0
127,2
127,4
127,5
128,1
128,2
128,5
129,1
129,2
129,4
130,0
130,2
130,4
130,5
131,1
131,2
131,4
132,0
132,2
132,4
132,5
133,1
133,2
133,4
135,1
135,2
135,4
135,5
136,1
136,2
136,4
140,0
140,1
140,3
140,4
141,0
141,2
141,3
142,0
142,1
142,3
142,4
143,1
143,3
143,4
144,1
144,2
144,5
144,7
145,0
145,2
145,4
147,0
147,1
147,3
147,5
147,6
148,1
148,2
148,4
148,6
148,7
149,1
149,2
151,0
151,2
151,3
152,1
152,2
152,4
152,5
152,7
152,9
152,10
152,12
152,13
153,1
153,3
155,0
155,2
155,4
155,6
155,7
155,9
155,11
155,12
164,0
164,1
164,3
164,5
168,0
168,2
168,3
168,5
168,6
171,1
171,3
171,4
172,0
172,1
172,3
172,5
173,0
173,2
173,3
173,5
174,1
174,2
174,4
175,0
175,2
175,3
175,5
179,1
179,2
179,4
179,5
181,0
181,2
181,3
182,0
182,1
182,3
193,0
193,2
195,0
195,1
195,3
199,0
199,2
199,4
199,6
200,1
200,2
201,0
201,1
201,3
203,1
203,2
203,4
204,0
204,2
206,0
206,1
206,3
207,0
207,2
207,3
208,1
208,3
209,0
209,2
209,3
210,1
210,3
211,0
211,2
211,3
212,1
212,3
213,0
213,2
213,3
214,1
214,2
215,0
215,2
215,3
215,1
214,3
214,0
213,1
212,2
212,0
211,1
210,2
210,0
209,1
208,2
208,0
207,1
206,2
204,3
204,1
203,3
203,0
201,2
200,3
200,0
199,3
199,1
195,2
193,3
193,1
182,2
181,4
181,1
179,6
179,3
179,0
175,4
175,1
174,3
174,0
173,4
173,1
172,4
172,2
171,5
171,2
171,0
168,4
168,1
164,4
164,2
155,13
155,10
155,8
155,5
155,1
153,2
153,0
152,11
152,8
152,6
152,3
152,0
151,1
149,3
149,0
148,5
148,3
148,0
147,4
147,2
145,5
145,1
144,6
144,4
144,0
143,2
143,0
142,2
141,4
141,1
140,5
140,2
136,5
136,3
136,0
135,3
135,0
133,3
133,0
132,3
132,1
131,3
131,0
130,3
130,1
129,3
129,0
128,4
128,0
127,3
127,1
126,3
126,0
123,3
123,1
121,4
121,1
117,5
117,2
116,5
116,2
116,0
111,3
111,0
110,3
110,0
108,3
108,0
102,4
102,1
99,4
99,2
155,3
128,3
144,3
98,0
95,2
91,6
91,3
91,0
89,3
89,1
85,4
85,1
83,3
83,1
80,4
80,1
77,5
77,2
73,4
73,1
70,4
70,1
65,3
65,1
60,2
56,3
0,274
0,409
0,273
0,313
0,272
0,380
0,271
0,374
0,270
0,477
0,269
0,401
0,268
0,319
0,267
0,371
0,266
0,419
0,265
0,309
0,264
0,476
0,263
0,335
0,262
0,453
0,261
0,336
0,260
0,301
0,259
0,395
0,258
0,466
0,257
0,408
0,256
0,452
0,255
0,465
0,254
0,407
0,253
0,486
0,252
0,464
0,251
0,399
0,250
0,475
0,249
0,463
0,248
0,451
0,247
0,406
0,246
0,462
0,245
0,485
0,244
0,484
0,242
0,306
0,241
0,376
0,240
0,443
0,239
0,439
0,238
0,237
0,493
0,236
0,359
0,235
0,474
0,234
0,233
0,483
0,232
0,448
0,231
0,492
0,230
0,397
0,229
0,470
0,228
0,363
0,227
0,343
0,226
0,473
0,225
0,442
0,224
0,438
0,223
0,383
0,222
0,482
0,221
0,356
0,220
0,495
0,219
0,481
0,218
0,353
0,217
0,402
0,216
0,352
0,215
0,326
0,214
0,377
0,213
0,393
0,212
0,491
0,211
0,426
0,210
0,342
0,209
0,351
0,208
0,390
0,207
0,340
0,206
0,348
0,205
0,423
0,204
0,362
0,203
0,444
0,202
0,316
0,201
0,360
0,200
0,416
0,199
0,415
0,198
0,435
0,197
0,461
0,196
0,349
0,195
0,480
0,194
0,472
0,193
0,460
0,192
0,457
0,63
0,434
0,62
0,325
0,61
0,490
0,60
0,479
0,59
0,346
0,58
0,489
0,57
0,431
0,56
0,428
0,55
0,387
0,54
0,459
0,53
0,331
0,52
0,471
0,51
0,458
0,50
0,315
0,49
0,436
0,48
0,468
0,47
0,420
0,46
0,321
0,45
0,396
0,6
0,5
0,469
0,11
0,4
0,2
0,3
0,7
